1110001
0110110
0100110
1000010
0101001
1011100
1101111
1010111
1001100
1011101
0000001
0011100
1100010
1010001
0100011
1111010
0000101
1110011
1001001
1101011
1000110
0101000
0000111
1101000
0101100
1101101
0110111
0000010
0010000
0101010
0100000
1100100
1001010
1111111
1000101
0110001
0000100
0110100
1011110
1000000
0100101
0011011
0011010
0110010
1101110
0111011
1111001
1100111
1100001
1101010
0111110
0010110
1011000
1010010
1111100
1001111
0001110
1110000
1110101
1001110
0011111
0010101
1011011
0111000
0011001
1100000
1110110
0001101
1000011
0001011
0111101
0101111
0010011
1001011
1110010
1111110
0100001
0001000
0111010
1010100
1100011
0010010
1010011
0110011
0000011
1100101
1101100
0100111
1101001
0110101
1011010
0011110
1111000
0111111
1110111
0010001
1001101
0010111
0010100
1100110
1000001
1000100
0110000
0100010
1111101
0001001
0111001
1011001
0100100
0001100
0000000
1111011
1010110
0001111
0101101
1011111
0000110
0011101
1000111
0001010
0111100
1001000
1010000
0101110
1010101
0101011
1110100
0011000
