10001010
11100001
01101011
00010100
11100000
10100101
11010111
10000010
01010110
01110101
11111110
10010011
01001101
00111000
00111010
10010100
10111110
10101101
01010010
01010101
00100110
00000001
00100111
00011011
01101111
00011111
11000111
11011000
10000001
10101111
00100100
11111111
10011010
10110011
10010110
01010011
00100001
01111000
00111001
10000111
01001011
01001100
01110100
11100100
10011100
11101000
00111100
00110011
00001111
11101101
10100011
11010100
01000111
00011000
00110101
11100111
01000010
11011001
11101011
00000110
10011111
01011100
01010000
10110001
00011101
00010111
10111101
00111111
11001010
00110110
01011111
10001101
01111110
11101110
11000110
01110111
11001111
00010010
10111011
01111101
00000011
10110111
11111010
01110010
01101100
11000000
01001000
11110110
10011001
01110001
10100000
01100000
00100010
11011110
11010010
11110011
00110000
11110101
01000001
00001100
11001001
00001001
11011101
11010001
11011011
10010000
10101001
01011001
01100101
10100110
10000100
00000000
01101001
11111001
10010101
01000100
01010111
10101010
01100011
10001011
11100010
11000101
00011110
10001000
10110100
00101000
00101101
11010101
01101101
10010111
10111000
01100110
00010001
00000101
11101111
01011010
01100100
01010100
00010000
01001110
11100101
11011010
11110000
10100111
01111011
10000000
00101110
10001110
00001010
00101011
01000101
10111111
00000111
01110011
10110010
01011101
00001011
11111100
11110001
01101010
00100000
11001100
10100001
00001110
01100111
10011101
01101110
11011100
11110111
10001111
01101000
10101100
11000011
10011110
10101000
11001000
01011110
11111101
00000100
10110110
10000011
00101010
00010101
00011100
01110110
01000110
00010110
01001111
10010001
01001001
01000011
00100011
11111000
10101011
00011001
11100011
00001101
00001000
10100100
00111101
10001100
00010011
11010011
11101010
11000010
01111100
11101001
00011010
11110010
11110100
01100001
11011111
00101111
10111100
00100101
10111010
10101110
10011000
11001011
00110111
01000000
10110101
10000110
01001010
01011011
10011011
00110010
11010110
01011000
11111011
11101100
11001101
00000010
10110000
01100010
10100010
00111011
01010001
00111110
00110001
11100110
11000100
10111001
00101001
01110000
00101100
10010010
10001001
11010000
11001110
01111010
01111111
11000001
10000101
01111001
00110100
