# Vertices in increasing label order (first line = smallest label). Bit order: the string is the vertex index in binary, most significant bit first, i.e. character i (0-based, left to right) is coordinate x_{d-1-i}.
001011111
011110011
010110100
010100111
101011111
100111011
110100010
111001011
111110011
001000110
001100100
101101110
001000010
111000110
001111000
111010000
111101000
100101000
010001111
011000111
000111000
000101010
000010001
000001101
100001000
010000000
110110001
010010100
000100111
010101110
000010011
000010000
010111010
011110111
011011100
011101111
000110001
010101001
101100000
100001001
001101011
100110000
011001100
100111100
011100011
010110000
111111101
110101100
011111110
001001001
011011001
110000101
000110100
001010100
000010101
111011011
100001111
011110010
110110111
110100101
010110101
010000011
010010111
000000111
010100001
000001000
000101111
001111001
011110001
111000000
111111111
101100001
101001110
111010111
101010000
100010110
101000010
010111111
111101011
000011111
011000100
100000110
010111100
100111001
010011010
101011010
110111101
010001100
111110101
101100101
110110100
010101000
001011110
001111010
110000100
001101101
111101110
111100001
100001010
110010011
011001110
000000001
110010101
000100110
001011101
010001001
111000101
001110011
001010111
001000011
010011101
000010110
001001010
010111001
110001011
111000011
001010010
001110101
011000010
111100111
011000001
110011100
011001011
000111101
101110100
000101001
010100010
110001110
100011101
100011110
111011110
111101101
100111010
000110111
100010010
101001000
100100001
100001100
010011011
111111001
101000100
110101001
010001010
111111100
111110000
111010100
011100000
101110001
011101100
000111110
001011000
000000100
101011001
010101011
010011110
101011100
110001000
000001110
101101111
011111000
000011001
101001011
110111000
100000000
011111101
111010001
001001111
001010001
111100100
111011000
101010011
101110010
111100010
110010000
001001100
110111110
101111101
101110111
110000001
101111000
011011010
100101110
010010001
100001110
010011000
001000000
110011111
110100110
111111010
100010001
101000111
101100011
101111110
100011000
111111000
010000110
000011100
100110011
001100001
001101000
111001001
000011010
000101100
010000101
010110110
100010100
100010000
101010101
110011010
010011100
011101001
100101101
101101100
000111011
001000101
100100100
101101010
101001101
011010110
000001011
100110110
110000010
100010111
111001010
010010010
011100110
011111011
111001100
001111100
010001110
101111011
111110110
011001000
111011101
110010110
101001100
000001100
011101010
010101101
110000111
000110010
010000001
100100111
101010110
000100101
101000001
110101111
011010000
001101110
111110111
110111011
110001101
100000101
010111101
111010010
100001101
100110101
110110010
111001000
011100101
011111001
011001101
011010011
011011111
110101010
111001111
111000001
001110000
011010101
000101101
010110011
001111111
000111001
110100011
011010111
000100000
000001001
110001111
101000000
110010010
100101011
110011001
110110011
001100111
010100100
111110001
000000010
100011011
011110100
101110101
011101101
010010110
000101110
000111010
110010001
010100110
100111111
111011111
101001111
101101001
011001001
101101011
000000110
100011010
101000101
101111010
010001101
100000011
100000100
110100000
111001110
110011101
101111001
100000001
011011000
001011011
010111011
110001100
001101100
001100010
000000000
000100011
001110110
010110010
100110100
011110000
110110110
111111011
000101011
010001011
111100000
110101000
001010011
101110000
101010100
111011100
100111110
100010101
001000001
111101111
101011101
110111111
011101011
000000101
101011000
011100010
001101111
011111111
110011110
001100000
001001110
100100010
010000100
111010011
001101010
101111100
000110101
000011110
000000011
010101111
100101010
010101100
110010100
100011001
100101100
000111100
001011001
111011010
000100100
101100110
111011001
000111111
100101111
010010101
101100100
101100010
001010000
001010110
110100001
001110111
101111111
101000011
011100001
011100111
001110001
111010101
110101110
011111010
100100000
011111100
000100010
110000110
111110010
100101001
000110110
110100111
001101001
110010111
100111101
111001101
001111110
000011011
001111011
101011011
111111110
010010000
110110101
011001111
110001010
100000010
110000011
101010010
000010010
011101110
101010111
011110101
011000101
111101001
111010110
011000011
001001101
101110110
001011010
001110100
100110010
110100100
110111100
010100000
011010001
010111110
110000000
001110010
000010100
010101010
101000110
100011111
111000111
001100101
010100101
111100101
101101101
111000010
001011100
001100110
100000111
011100100
110101101
101101000
100110001
100100101
010100011
001001000
011011101
100001011
100010011
110111010
000100001
101001001
011000110
001000111
011101000
010001000
101110011
111100011
100110111
000010111
010110001
100111000
000110000
001010101
001111101
110011000
000011000
110001001
110110000
010110111
010011001
100100110
010000111
101001010
010111000
010011111
111101010
011011110
111000100
110101011
111110100
011110110
111100110
100100011
110011011
001100011
111101100
000110011
101010001
011011011
000011101
101100111
010010011
011010010
010000010
000001111
101011110
011000000
100011100
001000100
110111001
001001011
011001010
000101000
000001010
011010100
